98.8414   219.403   140.61
98.6058   222.219   136.21
93.7005   221.971   137.65
90.9662   223.319   132.891
89.9036   228.106   135.832
84.4401   227.62   136.423
85.6976   230.603   133.213
88.4104   226.776   131.332
91.2286   229.053   130.699
95.1219   224.687   132.41
95.0758   227.361   137.078
99.9487   225.714   140.386
95.8551   224.207   142.338
99.218   223.287   145.169
100.828   218.736   146.837
97.1452   218.768   149.847
98.2976   219.334   153.29
94.0103   215.751   154.715
98.3094   214.289   149.437
102.475   216.11   151.282
100.135   213.284   156.127
99.8479   210.37   153.35
105.175   209.369   150.128
105.164   210.986   155.509
101.92   208.666   158.548
103.164   204.867   153.736
107.33   206.145   154.769
105.675   207.059   159.706
102.02   202.065   158.043
105.278   198.58   155.196
108.848   201.569   154.933
110.745   203.087   151.024
108.037   197.293   150.567
107.467   195.59   147.246
103.964   196.037   149.837
104.84   200.788   149.325
105.657   200.522   144.481
101.211   200.042   144.685
99.5048   203.664   148.906
104.565   206.408   144.335
101.402   204.673   142.13
97.9575   206.176   144.075
99.7861   208.913   147.056
101.357   209.879   142.332
96.9336   208.864   139.651
98.5637   213.077   137.956
101.537   214.235   139.404
103.567   217.785   137.838
107.532   216.933   137.377
108.119   220.931   140.035
103.609   218.149   141.891
106.583   213.87   141.475
110.567   217.02   142.701
107.228   218.63   146.606
105.493   213.364   146.592
111.171   212.983   146.132
112.116   217.47   148.615
108.124   215.998   151.895
110.478   212.079   153.254
113.083   213.342   156.098
113.989   210.456   156.802
114.271   206.21   155.993
117.414   211.312   153.869
120.528   207.375   152.277
117.578   205.891   150.729
115.059   209.493   149.334
120.452   211.333   148.036
120.352   204.871   147.061
115.685   207.538   144.611
117.282   212.274   143.882
123.411   208.593   142.503
119.118   206.017   140.043
116.484   210.077   139.181
120.48   212.35   138.365
122.468   206.485   135.812
117.367   206.535   133.791
118.504   211.518   133.132
122.015   211.191   131.801
122.307   207.234   129.739
115.06   210.431   127.768
119.712   213.564   127.4
124.477   209.985   127.968
118.955   207.337   124.537
116.256   210.184   123.328
119.496   212.017   119.264
118.97   217.291   120.018
115.689   219.693   116.445
119.459   220.879   114.36
118.321   224.216   114.921
115.405   226.592   115.011
111.603   224.134   118.035
109.034   223.995   114.282
106.525   226.764   113.246
103.518   225.405   116.189
104.647   221.697   116.285
105.594   221.993   123.003
110.885   221.254   124.206
110.653   216.142   120.417
110.519   215.746   126.006
116.394   216.363   125.617
116.001   214.889   130.603
116.546   218.14   132.289
112.813   218.879   130.489
111.643   214.084   132.298
113.413   215.34   136.308
112.483   218.569   136.557
116.144   219.495   137.681
115.941   223.27   135.145
111.366   223.172   134.072
109.348   227.075   132.834
104.658   227.268   135.164
104.296   229.088   131.214
108.394   224.655   128.777
104.419   221.3   132.737
100.832   225.085   131.121
102.328   223.492   127.41
105.711   219.731   127.665
99.5418   218.856   130.683
97.956   222.478   126.778
100.679   218.598   122.644
96.2489   216.911   120.833
98.5302   213.754   122.034
98.1491   215.342   126.137
103.241   215.027   126.081
102.43   212.596   129.923
106.617   214.964   131.399
105.754   212.926   134.796
103.3   209.215   134.217
108.844   209.42   131.733
110.761   212.154   138.074
105.179   208.386   138.198
106.902   203.979   134.315
113.319   208.283   134.792
110.524   208.026   141.025
108.99   203.039   140.377
113.813   202.335   138.269
114.474   203.61   142.591
111.129   202.859   144.991
112.383   198.617   141.953
118.413   200.8   142.796
115.278   201.482   147.796
113.287   196.898   147.585
117.819   193.401   144.978
120.919   198.161   148.949
118.227   199.238   152.545
116.023   192.653   151.207
117.201   190.884   154.482
115.783   187.209   153.228
118.796   185.436   150.199
115.263   183.121   147.101
119.198   180.824   146.003
120.233   180.944   150.914
114.656   180.47   152.165
118.316   176.186   151.789
111.511   172.199   153.996
114.486   171.637   157.283
115.604   168.253   158.562
112.458   167.037   162.683
111.363   172.892   159.282
106.603   171.283   158.572
105.736   172.647   151.815
101.213   175.838   156.794
105.557   176.797   158.463
110.065   176.104   152.546
105.658   177.7   151.608
104.725   181.896   154.687
110.03   181.349   157.055
110.084   179.934   148.613
106.32   181.617   147.252
106.481   186.231   153.293
111.946   185.733   150.467
110.031   185.02   145.59
106.2   190.929   146.432
111.337   190.854   147.962
114.604   188.562   144.45
113.134   192.973   142.858
113.605   188.472   139.902
112.416   187.948   135.725
107.34   186.5   137.051
110.533   184.907   132.444
113.498   183.671   136.857
110.032   185.424   140.513
107.186   181.583   136.761
113.794   177.829   137.866
112.727   180.776   141.584
107.298   178.294   141.307
109.184   174.469   137.289
112.564   173.792   139.865
114.383   176.823   143.973
109.356   175.297   145.948
110.792   170.916   144.481
115.439   170.914   144.005
115.629   174.547   148.308
112.41   170.923   149.896
112.243   168.062   153.716
114.354   164.919   151.989
111.055   163.039   154.143
108.326   167.338   151.452
112.291   165.626   147.34
109.459   161.612   148.392
105.048   163.255   149.037
106.64   167.438   146.351
109.607   164.747   142.421
105   161.665   143.802
102.273   165.654   143.24
105.01   165.5   140.321
106.576   167.025   137.284
104.19   170.714   137.596
102.066   170.641   140.239
99.1845   173.684   141.463
101.528   176.344   145.87
95.547   174.41   145.609
98.2145   170.46   143.109
103.44   171.704   145.617
100.644   173.954   150.734
96.7332   169.837   149.495
100.002   167.065   149.322
103.815   168.193   151.8
99.8495   169.507   155.651
101.695   166.062   156.683
105.446   165.3   155.642
106.898   166.217   159.263
107.011   167.305   162.574
105.827   165.926   165.879
106.29   161.706   165.189
103.816   158.412   162.283
106.485   156.058   167.308
105.79   151.806   164.593
101.922   151.239   166.149
105.331   146.55   164.305
104.837   144.863   168.584
134.374   157.849   105.124
134.314   161.897   101.796
139.184   160.479   102.184
141.071   163.836   101.188
143.31   161.306   95.7964
148.182   160.141   96.9076
147.058   162.801   92.2906
144.655   165.532   95.9406
141.701   165.879   93.9158
136.515   165.461   97.2319
137.873   160.128   96.7001
134.045   156.839   100.145
138.551   153.935   101.264
136.381   152.112   103.606
134.361   152.938   107.976
138.746   152.627   109.984
139.021   149.348   111.62
142.385   152.653   116.171
137.285   154.939   113.685
134.168   151.593   113.942
138.011   149.595   118.478
137.538   153.891   119.092
131.48   155.976   118.647
132.681   151.098   120.793
136.89   151.858   124.621
134.554   156.778   123.114
130.446   155.062   124.511
133.655   151.767   128.252
136.578   155.198   128.934
134.558   160.291   128.598
129.719   157.98   129.528
125.123   158.109   127.713
128.801   162.929   129.096
128.668   166.557   128.17
133.162   165.016   128.584
130.275   161.88   124.309
129.067   165.746   122.081
133.426   166.507   121.629
136.11   161.982   121.294
129.71   162.11   117.035
132.546   166.09   116.377
136.071   164.142   116.022
135.487   159.909   115.51
132.368   162.627   112.453
135.287   165.807   110.078
133.735   163.225   106.683
131.175   160.913   107.506
128.757   158.963   104.296
124.902   159.375   105.434
125.203   154.603   104.564
130.02   156.359   106.841
126.859   158.962   110.24
123.49   154.9   109.444
128.023   152.279   110.346
129.805   155.535   114.032
124.09   155.132   115.19
124.301   150.348   113.586
128.944   150.21   115.988
127.126   151.765   119.852
125.818   148.598   122.191
123.021   148.532   124.24
122.667   151.75   126.94
118.296   149.454   123.418
115.838   153.506   125.733
118.55   155.82   124.801
120.257   154.832   120.979
114.381   153.675   120.35
115.224   159.852   123.524
118.97   158.958   119.117
117.028   155.884   115.899
111.358   160.031   118.896
115.145   162.872   118.023
116.888   161.223   113.702
111.29   160.308   112.688
110.28   164.33   115.853
114.779   167.422   113.234
113.419   164.468   109.349
109.996   165.408   109.507
110.064   169.871   110.861
115.814   169.833   106.224
110.094   166.784   103.968
106.999   168.676   108.174
111.615   173.629   105.94
113.335   172.173   102.329
109.397   173.872   99.0562
106.661   169.752   97.2011
111.379   168.837   95.0077
108.732   170.098   90.3356
109.574   166.745   89.5319
110.99   163.633   88.1435
116.295   165.632   88.4555
117.379   165.536   84.6472
119.132   162.895   82.6333
122.901   163.591   84.8787
122.029   167.046   86.5976
122.916   164.167   91.6824
117.413   162.507   94.3838
117.163   169.352   95.0091
118.566   165.772   98.7553
112.537   166.476   100.066
114.403   164.464   104.36
113.91   160.929   103.725
116.757   161.367   100.879
119.248   164.302   104.58
117.991   160.606   107.046
119.345   158.158   104.978
115.91   156.338   105.34
115.109   157.143   101.249
119.505   157.656   100.242
121.62   154.845   97.3849
126.75   154.86   99.6638
127.236   155.209   94.5876
121.943   158.401   95.6092
124.682   158.852   100.446
129.533   159.049   97.6652
127.669   162.083   95.047
123.201   163.694   97.0069
128.878   164.087   100.789
131.763   164.134   95.8498
127.874   168.519   93.7033
131.698   170.75   92.1503
129.222   173.37   95.2246
130.621   170.47   98.1946
125.61   169.32   98.4242
126.067   170.269   102.807
124.683   165.696   102.794
126.314   164.923   106.155
127.52   169.542   108.187
122.515   168.544   107.341
122.028   161.555   109.751
127.424   165.453   111.699
124.588   170.562   111.952
118.797   165.921   111.288
123.064   162.162   115.218
124.849   166.273   117.766
119.162   167.622   118.588
119.86   163.764   120.145
123.984   162.819   121.381
122.745   167.573   123.008
116.93   165.32   123.227
120.818   161.176   125.351
123.257   164.876   127.727
119.577   168.717   127.148
116.497   162.268   129.95
119.525   158.974   130.417
121.753   164.721   133.844
124.231   163.263   136.467
125.239   166.656   138.392
121.85   169.912   139.841
123.424   174.163   138.392
120.775   174.609   142.298
123.099   170.675   144.268
127.501   172.42   141.247
129.071   171.613   146.477
135.42   175.9   144.564
135.99   172.368   146.503
138.156   172.274   149.606
142.535   170.288   148.948
138.546   171.832   143.589
141.758   174.121   141.467
137.793   179.273   139.278
142.471   175.419   137.084
139.26   171.719   138.151
133.364   175.839   140.456
134.705   176.743   135.716
136.116   173.027   133.565
132.869   170.697   138.835
129.143   176.309   136.853
130.198   175.141   130.106
131.06   169.579   132.044
126.463   170.924   135.29
124.7   175.339   132.792
126.066   173.442   127.621
123.161   169.316   131.155
119.552   172.433   133.552
116.142   169.856   131.836
115.943   175.225   132.231
115.075   178.548   129.677
118.619   179.269   126.575
117.582   184.626   129.289
116.488   180.702   133.433
120.183   177.811   130.863
121.82   183.213   130.573
119.206   183.817   137.632
121.15   178.864   136.104
125.775   181.876   134.294
124.118   186.993   136.46
123.107   184.101   140.069
124.265   179.96   140.696
129.731   181.314   138.736
130.723   183.905   142.351
126.68   182.271   146.084
127.978   178.09   144.88
132.684   179.893   145.405
136.511   178.209   147.822
135.686   180.176   151.298
140.181   180.988   150.113
137.838   181.91   145.034
132.898   183.096   148.28
137.077   186.375   149.726
139.669   186.963   145.939
135.961   186.436   142.835
131.987   189.071   145.841
136.484   192.008   146.322
136.699   191.754   141.385
132.991   192.502   142.126
129.881   193.735   140.563
130.974   192.783   136.253
133.822   190.923   136.094
135.717   189.177   132.522
135.439   183.755   133.323
138.403   186.163   130.712
138.674   189.983   134.7
135.848   185.587   137.466
139.831   181.567   135.486
143.765   186.02   136.883
141.864   186.331   140.489
140.551   182.869   142.147
146.107   182.778   139.369
145.99   180.74   143.42
142.717   179.43   145.15
144.254   175.557   145.025
147.396   175.437   144.749
150.801   174.225   145.667
150.889   176.234   148.78
155.981   176.763   150.335
151.923   171.462   150.198
156.775   170.019   149.036
156.797   166.751   146.097
150.415   169.243   145.55
149.084   164.564   145.924
