83.13399999999999
97.16099999999999
83.13399999999999
112.13199999999999
98.10499999999999
97.16099999999999
112.13199999999999
41.053
112.13199999999999
115.19399999999999
83.13399999999999
121.143
112.13199999999999
55.08
97.16099999999999
71.07900000000001
81.11799999999998
141.198
85.10599999999998
97.16099999999999
98.10499999999999
55.08
170.215
83.13399999999999
113.18399999999998
83.13399999999999
83.13399999999999
112.10799999999999
112.10799999999999
113.18399999999998
55.08
131.178
71.07900000000001
81.11799999999998
112.10799999999999
83.13399999999999
97.16099999999999
81.11799999999998
115.19399999999999
131.178
71.07900000000001
55.08
97.16099999999999
71.07900000000001
112.10799999999999
41.053
55.08
85.10599999999998
81.11799999999998
112.13199999999999
98.08099999999999
97.16099999999999
98.10499999999999
85.10599999999998
115.19399999999999
97.16099999999999
98.10499999999999
85.10599999999998
83.13399999999999
41.053
41.053
121.143
112.13199999999999
55.08
55.08
115.19399999999999
112.13199999999999
115.19399999999999
97.16099999999999
113.18399999999998
112.10799999999999
85.10599999999998
97.16099999999999
98.10499999999999
112.10799999999999
112.10799999999999
55.08
55.08
112.10799999999999
170.215
98.08099999999999
141.198
97.16099999999999
121.143
81.11799999999998
83.13399999999999
121.143
55.08
41.053
81.11799999999998
97.16099999999999
55.08
81.11799999999998
41.053
112.13199999999999
115.19399999999999
141.198
112.10799999999999
81.11799999999998
141.198
41.053
71.07900000000001
98.08099999999999
97.16099999999999
55.08
41.053
85.10599999999998
85.10599999999998
71.07900000000001
85.10599999999998
97.16099999999999
112.13199999999999
112.10799999999999
112.13199999999999
97.16099999999999
41.053
170.215
115.19399999999999
85.10599999999998
121.143
98.10499999999999
81.11799999999998
81.11799999999998
97.16099999999999
81.11799999999998
83.13399999999999
41.053
112.10799999999999
97.16099999999999
147.177
113.18399999999998
141.198
170.215
97.16099999999999
97.16099999999999
97.16099999999999
41.053
97.16099999999999
98.10499999999999
113.18399999999998
97.16099999999999
83.13399999999999
141.198
115.19399999999999
147.177
71.07900000000001
81.11799999999998
85.10599999999998
71.07900000000001
97.16099999999999
97.16099999999999
98.08099999999999
97.16099999999999
141.198
112.13199999999999
41.053
81.11799999999998
113.18399999999998
112.10799999999999
81.11799999999998
131.178
141.198
98.08099999999999
147.177
83.13399999999999
98.08099999999999
141.198
131.178
147.177
113.18399999999998
85.10599999999998
97.16099999999999
141.198
55.08
112.10799999999999
112.13199999999999
55.08
71.07900000000001
112.13199999999999
112.10799999999999
83.13399999999999
113.18399999999998
98.10499999999999
170.215
115.19399999999999
85.10599999999998
112.10799999999999
85.10599999999998
97.16099999999999
97.16099999999999
83.13399999999999
112.13199999999999
98.10499999999999
55.08
98.10499999999999
81.11799999999998
98.08099999999999
86.13199999999999
113.18399999999998
85.10599999999998
97.16099999999999
97.16099999999999
113.18399999999998
55.08
97.16099999999999
41.053
81.11799999999998
41.053
55.08
85.10599999999998
97.16099999999999
112.10799999999999
112.10799999999999
115.19399999999999
115.19399999999999
85.10599999999998
55.08
86.13199999999999
112.13199999999999
41.053
83.13399999999999
41.053
41.053
81.11799999999998
41.053
122.15099999999998
113.18399999999998
55.08
141.198
83.13399999999999
113.15999999999998
