Atom I   Atom J      R0        K
181       421       5.015     4.192     
181       422       10.245    0.128     
181       423       9.765     0.282     
181       424       5.676     2.284     
181       425       8.62      0.6       
181       426       12.284    0.175     
181       427       11.509    0.25      
182       424       9.634     0.374     
182       428       13.436    0.861     
183       422       14.152    0.443     
183       424       12.097    0.53      
184       421       5.855     1.825     
184       422       9.516     0.547     
184       423       12.213    0.486     
184       425       7.741     0.408     
184       426       13.232    0.104     
184       428       12.045    0.361     
185       421       8.706     0.121     
185       422       13.344    0.327     
185       424       8.054     0.945     
185       425       10.074    0.606     
186       421       12.192    0.775     
186       424       13.409    0.191     
186       425       14.833    0.411     
187       421       11.467    0.226     
188       422       12.917    0.535     
188       425       11.345    0.244     
189       422       14.575    0.296     
