#i j r0 k 
1 2 8.348 0.2498
1 3 14.4515 0.0355
1 4 14.9824 0.0261
1 5 15.8353 0.0955
1 8 11.3449 0.0106
1 9 14.9218 0.1295
1 12 19.5921 0.0063
2 3 8.2465 0.9025
2 4 10.2764 0.982
2 5 13.5437 0.4587
2 8 11.2279 0.354
2 9 12.4046 0.3585
2 10 19.7626 0.0411
2 11 17.0219 0.0567
2 12 12.3834 0.0419
2 13 16.811 0.032
2 18 17.1396 0.0283
2 19 15.3294 0.0197
2 20 19.8137 0.0291
3 4 5.4994 4.6744
3 5 11.6758 0.8131
3 8 14.4481 1.1804
3 9 18.3708 0.2463
3 12 14.084 0.0181
3 13 15.7886 0.0171
3 18 18.631 0.5587
3 19 11.7574 0.8483
3 20 15.6762 0.2613
4 5 6.3946 5.3671
4 6 16.2172 0.1921
4 7 17.9009 0.1606
4 8 11.2351 1.5255
4 9 17.7529 0.4587
4 12 15.3625 0.0315
4 13 16.0531 0.0216
4 18 15.6639 2.2425
4 19 9.3689 0.8986
4 20 10.8931 0.1623
4 21 15.7075 0.1912
4 22 18.6263 0.3439
5 6 9.9278 7.4344
5 7 11.8949 2.4444
5 8 8.0274 1.5922
5 9 17.3535 0.4562
5 12 18.228 0.0478
5 13 18.6001 0.0223
5 18 13.4681 0.7214
5 19 11.0021 0.6826
5 20 8.6736 0.0943
5 21 11.2451 0.1291
5 22 15.9476 0.1407
6 7 6.1903 9.0159
6 8 10.4145 1.8112
6 9 19.4006 0.4056
6 17 16.5138 0.0284
6 18 13.9338 0.233
6 19 17.597 0.4625
6 20 13.0335 1.2552
6 21 9.2178 0.3027
6 22 15.5625 0.2525
7 8 12.3426 5.0616
7 18 19.4229 0.091
7 20 16.8145 0.3702
7 21 14.9015 0.1046
8 9 11.2276 5.7731
8 10 19.6347 0.8255
8 11 19.6941 0.1725
8 12 16.8613 0.0486
8 13 19.3536 0.04
8 17 15.6732 0.0262
8 18 11.729 1.5358
8 19 14.9031 2.1541
8 20 15.3165 0.6086
8 21 14.2895 0.2572
8 22 18.9278 0.2476
9 10 8.8501 6.9293
9 11 10.0762 2.9445
9 12 11.5273 0.4284
9 13 15.9707 0.391
9 14 15.2689 2.033
9 15 17.3027 0.9885
9 16 19.2891 0.0164
9 17 12.5053 0.5356
9 18 10.9992 2.0494
9 19 17.3825 1.5707
9 21 19.8495 0.1887
10 11 6.6276 6.8289
10 12 13.3738 0.1592
10 13 16.9141 0.5959
10 14 13.3211 0.7629
10 15 13.9052 0.0634
10 16 16.5217 0.0913
10 17 13.4521 0.1659
10 18 14.5069 0.468
11 12 7.7706 2.1051
11 13 11.6451 2.4557
11 14 10.6118 0.1988
11 15 15.4997 0.0503
11 17 16.9355 0.3364
11 18 14.294 0.5096
11 19 18.1204 0.1851
12 13 6.2572 13.1045
12 14 10.7826 1.5469
12 15 18.4497 0.4386
12 17 19.1768 0.0962
12 18 12.9218 1.1941
12 19 11.8415 0.2628
12 20 19.72 0.1337
12 22 19.9512 0.2509
13 14 8.1189 8.9878
13 15 17.0464 0.3866
13 17 19.9154 0.1412
13 18 12.5945 0.3695
13 19 9.0703 0.093
13 20 17.2242 0.131
13 21 18.6175 0.1276
13 22 16.222 0.1907
13 23 15.064 0.0993
13 24 18.9482 0.0145
14 15 9.2038 5.4484
14 16 15.7296 1.4409
14 17 14.683 1.0774
14 18 10.182 2.7408
14 19 13.5976 1.1705
14 20 19.7356 0.1866
14 21 17.821 0.2525
14 22 14.4972 0.1632
14 23 12.6335 0.045
14 24 16.3039 0.0236
15 16 6.9755 0.163
15 17 9.9925 0.6685
15 18 11.6857 1.8213
15 21 18.5565 0.0841
15 22 15.7363 0.0656
15 23 14.7849 0.0414
15 24 18.3844 0.0719
16 17 8.3965 0.5433
16 18 14.5706 0.1597
16 22 18.6706 0.3733
16 23 19.1603 0.0223
17 18 8.7991 2.9297
17 19 19.8346 0.5129
17 21 15.3894 0.2375
17 22 16.3714 0.6348
17 23 18.966 0.1928
18 19 11.06 15.8314
18 20 13.8952 0.5584
18 21 10.1097 1.7746
18 22 10.7262 1.6659
18 23 13.6338 0.3358
19 20 8.4513 6.4841
19 21 12.1105 3.1923
19 22 11.6769 2.7678
19 23 13.4636 0.6276
19 24 19.6725 0.2599
20 21 7.7969 6.007
20 22 10.1116 2.1374
20 23 14.5436 0.2646
21 22 6.4722 7.7183
21 23 12.5868 0.5713
22 23 6.1943 9.3006
22 24 13.9821 1.0777
23 24 7.9923 1.1473
23 25 17.847 0.0458
24 25 10.7744 0.1068
24 26 18.7603 0.0452
25 26 8.6851 0.4609
25 27 14.632 0.1764
25 28 19.29 0.1175
26 27 6.7164 1.9082
26 28 11.598 0.4674
26 29 17.2664 0.153
27 28 5.5474 3.0295
27 29 11.4292 0.3037
27 30 16.8645 0.0794
28 29 6.6116 1.4518
28 30 12.2803 0.1555
28 31 17.3684 0.1017
29 30 6.5606 1.4609
29 31 11.8889 0.2956
29 32 18.5164 0.1232
29 48 19.1305 0.0096
30 31 5.8937 2.5664
30 32 12.8677 0.2481
30 35 19.3831 0.0154
30 48 19.0574 0.0095
30 52 19.1693 0.0013
31 32 7.6728 0.7036
31 33 17.1444 0.026
31 35 14.7747 0.0018
31 51 19.1037 0.0333
31 52 17.0002 0.0146
32 33 10.1806 1.0736
32 34 15.5029 0.1162
32 35 10.5393 0.0033
32 36 15.7858 0.0011
32 41 18.9654 0.0022
32 51 16.111 0.1108
32 52 15.7968 0.1268
33 34 8.4033 0.703
33 35 9.6896 0.0786
33 36 11.1973 0.0089
33 37 14.8403 0.0172
33 41 16.0955 0.0071
33 42 15.4282 0.0008
33 51 17.6909 0.025
33 52 19.0297 0.1176
34 35 8.7138 0.2061
34 36 12.3095 0.047
34 37 13.0728 0.032
34 41 19.4491 0.0028
34 42 18.4998 0.0371
35 36 10.2065 0.067
35 37 14.5808 0.114
35 41 16.2792 0.0015
35 42 19.5933 0.17
35 52 17.7276 0.0055
36 37 7.0127 10.7109
36 38 15.4769 0.7506
36 40 15.2709 0.5518
36 41 8.3311 0.7284
36 42 12.0331 0.2826
36 51 17.7057 0.0284
36 52 15.3347 0.0106
36 53 19.234 0.0265
36 54 17.4439 0.4143
37 38 9.9805 6.5251
37 39 18.7419 0.3867
37 40 13.1551 2.8273
37 41 12.4831 1.0805
37 42 12.0031 0.448
37 54 19.9564 0.268
38 39 10.3506 0.7422
38 40 10.7756 1.8656
38 41 16.808 0.9967
38 42 11.1604 3.2956
38 43 17.082 0.1021
38 55 18.348 0.024
38 56 18.9546 0.0454
38 60 13.2022 0.1316
38 61 18.423 0.0693
39 40 10.6864 0.917
39 41 19.59 0.0623
39 42 14.041 0.1743
39 43 14.0197 0.0282
39 44 18.2462 0.0902
39 54 17.807 0.0393
39 55 9.9654 0.2689
39 56 10.7914 0.1185
39 57 19.0486 0.0257
39 60 15.0112 0.0757
40 41 12.1579 2.8899
40 42 12.9698 0.7146
40 43 19.5646 0.3414
40 44 19.4193 0.3653
40 54 12.4427 2.9268
40 55 14.3928 0.0455
41 42 10.449 6.2444
41 44 17.3119 1.0227
41 49 18.1089 0.0373
41 50 13.8092 0.0469
41 51 13.1535 0.0423
41 52 11.0837 0.0214
41 53 14.2231 0.2248
41 54 9.394 3.5839
41 55 19.4936 1.3953
42 43 11.2834 0.762
42 44 14.6648 0.1447
42 50 18.1067 0.0306
42 51 17.11 0.3564
42 52 19.8613 0.879
42 54 13.8495 0.1629
42 55 15.7396 0.0141
42 56 18.8239 0.101
42 60 16.856 0.0251
43 44 11.7223 7.5014
43 54 18.6572 0.2013
43 55 12.5445 0.664
43 56 11.1016 0.1861
43 57 19.9026 0.0044
43 59 18.1365 0.1822
43 60 14.6493 0.0049
44 45 14.0137 5.1308
44 50 12.5347 1.3892
44 51 17.0077 0.5936
44 54 11.489 1.6284
44 55 10.6939 1.2976
44 56 16.9612 0.005
45 46 11.5057 1.1623
45 49 14.858 0.7821
45 50 9.8647 2.3896
45 51 17.4049 0.9842
45 52 19.9679 0.3383
45 54 14.1996 2.6535
46 47 9.5545 0.7911
46 48 14.9432 0.1816
46 49 8.5493 0.1708
46 50 12.5121 0.0309
46 51 16.4867 0.2001
46 52 17.2833 0.0417
46 53 18.0784 0.1621
47 48 7.7365 0.9511
47 49 8.9966 0.3122
47 50 17.7817 0.0997
47 51 18.0604 0.0537
47 52 16.3475 0.0226
47 53 17.4075 0.0053
48 49 9.4669 2.902
48 50 19.3164 0.0343
48 51 18.0822 0.1753
48 52 13.0204 0.147
48 53 13.4401 0.0608
49 50 10.3858 8.3653
49 51 11.8812 2.8343
49 52 9.2575 2.6463
49 53 10.816 0.802
49 54 17.231 0.4257
50 51 7.7838 8.0862
50 52 11.787 0.9412
50 53 15.6972 1.649
50 54 10.6072 3.8218
51 52 9.3441 4.6175
51 53 16.7945 1.6507
51 54 15.1945 2.4087
52 53 8.4477 6.2416
52 54 14.9449 0.8758
53 54 15.4752 2.022
54 55 13.4758 6.3414
55 56 10.2586 0.5008
56 57 14.3525 0.9235
56 59 17.724 0.4044
56 60 15.6103 0.3074
57 58 12.9267 7.76
57 59 9.29 6.1239
57 60 12.1748 1.6643
57 61 15.1034 2.2653
57 62 9.6848 5.3195
57 63 14.4892 3.251
57 64 19.7003 0.7009
57 65 19.7792 0.0539
57 66 19.2192 0.1982
58 59 10.2561 9.9141
58 62 14.3163 3.2616
58 63 10.0611 4.8754
58 64 16.585 0.3878
58 65 19.0794 0.256
58 66 13.0962 3.1206
58 67 9.1532 2.2398
58 68 14.9942 1.0942
58 69 19.8353 0.8832
59 60 11.3469 8.6277
59 61 15.2292 1.4948
59 62 11.699 5.5367
59 63 15.7929 1.9775
59 64 19.0965 0.9927
59 65 16.7569 0.4183
59 66 14.0948 1.3049
59 67 17.0907 0.6578
60 61 9.9565 1.9409
60 62 14.7634 2.0075
61 62 10.8877 3.1042
61 64 19.7043 0.0414
61 65 13.8911 0.0224
61 66 19.2215 0.1015
62 63 10.7234 2.2359
62 64 11.4333 0.1707
62 65 11.065 0.2819
62 66 13.2209 0.6293
62 67 18.3441 0.1268
63 64 9.1223 5.5533
63 65 15.5588 0.7601
63 66 12.55 2.2338
63 67 11.0597 1.5912
63 68 15.495 0.3567
63 69 16.4269 0.3748
64 65 9.2157 3.4959
64 66 9.6868 3.0412
64 67 14.2109 1.1694
64 68 19.8185 0.0872
65 66 8.5994 5.3306
65 67 18.3412 0.2089
66 67 10.485 3.6762
66 68 18.7511 0.4756
67 68 8.7229 0.396
67 69 14.151 0.6745
68 69 7.6159 5.0362
68 70 14.7975 2.2753
69 70 7.4324 5.5196
69 71 13.1295 1.3477
69 72 18.1241 0.0384
70 71 6.0115 1.4368
70 72 12.7726 0.0763
71 72 9.0776 0.6583
71 73 18.6872 0.2171
72 73 10.2029 0.4924
72 74 19.1701 0.0704
73 74 10.0563 0.3989
73 75 19.3341 0.1485
74 75 10.049 0.5658
75 76 12.7515 0.2911
76 77 12.7188 1.3982
76 78 10.4383 0.0629
76 79 9.8275 0.0231
76 80 15.3093 0.1336
76 87 19.4797 0.0699
77 78 7.7743 3.2474
77 79 8.8062 0.6933
77 80 8.6524 0.795
77 81 17.6877 1.424
78 79 7.1969 2.547
78 80 11.34 1.269
78 81 19.4623 0.3834
79 80 6.6599 4.3219
79 81 14.913 0.3814
79 86 15.9675 0.2721
79 87 15.0791 0.0406
80 81 9.7417 1.5814
80 82 16.7573 0.62
80 86 14.3921 0.456
80 87 16.7223 0.0089
81 82 7.2545 3.4035
81 83 14.9982 0.2737
81 84 15.7504 0.1339
81 85 13.1744 0.52
81 86 9.3347 0.3265
81 87 17.4571 0.1263
82 83 10.08 6.3476
82 84 9.5478 0.1944
82 85 8.6615 0.3347
82 86 9.5608 1.5682
82 87 19.3593 0.3813
83 84 5.5775 2.186
83 85 10.0525 0.9559
83 86 10.7569 3.2099
83 87 16.0859 0.1547
84 85 6.6139 1.1178
84 86 11.6495 0.8228
85 86 8.5525 2.3172
86 87 13.5756 2.5548
