Atom I   Atom J      R0        K
2         18        10.062    0.858     
2         20        12.433    0.59      
2         21        8.274     0.995     
2         27        11.348    2.211     
2         34        12.764    0.805     
2         39        5.96      1.675     
2         42        8.413     0.569     
2         45        10.563    1.181     
2         54        6.248     0.714     
2         55        11.606    0.944     
2         60        6.28      1.506     
2         71        11.994    2.689     
2         72        4.315     1.991     
2         87        10.22     0.546     
2         88        9.058     1.374     
2         104       14.426    1.197     
4         10        14.174    1.273     
4         16        14.69     0.881     
4         47        8.859     2.613     
4         52        12.981    0.094     
4         65        13.115    0.357     
4         80        12.146    0.235     
4         95        12.321    0.104     
4         108       13.519    1.376     
4         112       7.538     2.106     
7         8         14.671    1.144     
7         9         10.285    1.305     
7         11        12.184    1.37      
7         13        10.662    1.897     
7         16        14.261    0.485     
7         19        12.18     1.602     
7         25        14.018    1.497     
7         28        11.374    1.653     
7         31        14.005    0.897     
7         33        10.526    0.846     
7         35        11.777    1.3       
7         40        7.65      2.453     
7         48        13.577    1.262     
7         57        12.364    0.971     
7         59        10.617    1.016     
7         63        13.653    0.879     
7         67        13.12     1.327     
7         70        14.886    0.926     
7         82        14.064    2.182     
7         86        6.202     2.067     
7         89        11.207    0.97      
8         19        9.21      1.22      
8         25        12.149    1.129     
8         26        12.828    3.61      
8         30        14.109    1.663     
8         40        12.195    1.431     
8         48        10.002    0.426     
8         67        11.571    1.565     
8         80        13.604    0.256     
8         82        10.463    4.034     
9         11        5.641     1.735     
9         13        14.344    0.932     
9         19        9.158     1.768     
9         25        11.23     1.152     
9         31        8.296     1.537     
9         33        13.634    1.044     
9         35        8.309     1.68      
9         40        13.455    1.16      
9         48        9.894     1.305     
9         57        11.194    0.984     
9         59        11.332    1.386     
9         63        5.658     1.645     
9         70        12.256    1.002     
9         80        13.462    0.925     
9         86        12.403    1.208     
9         89        8.846     0.961     
9         95        10.941    0.385     
9         101       13.874    1.032     
9         115       10.902    1.144     
9         119       11.58     1.375     
10        26        14.094    4.5       
10        47        10.658    0.538     
10        65        10.323    1.253     
10        102       13.41     1.557     
11        16        13.799    0.341     
11        19        9.651     0.82      
11        25        13.77     0.691     
11        31        13.785    1.466     
11        33        12.569    0.942     
11        35        4.22      2.059     
11        40        11.826    1.296     
11        48        6.795     1.359     
11        57        14.348    0.881     
11        59        11.616    1.515     
11        63        10.465    1.426     
11        80        8.252     1.218     
11        89        10.671    0.891     
11        95        5.45      0.243     
11        115       14.918    0.711     
13        17        9.837     1.02      
13        28        11.829    1.707     
13        31        11.922    1.14      
13        57        10.601    0.884     
13        59        14.687    0.999     
13        63        14.67     1.061     
13        68        14.078    0.939     
13        70        8.842     0.964     
13        86        4.618     1.653     
13        89        13.12     1.109     
13        93        13.647    1.243     
13        101       11.843    1.04      
13        107       6.015     1.919     
13        110       12.597    2.175     
13        114       11.28     0.608     
13        115       12.313    0.995     
15        43        12.264    2.856     
15        44        11.114    2.362     
15        46        13.572    1.385     
15        76        14.249    1.295     
15        113       11.921    6.813     
16        33        6.347     0.829     
16        35        9.785     0.344     
16        40        9.423     0.863     
16        59        10.308    0.77      
16        80        13.857    0.236     
16        89        13.999    0.456     
16        95        11.356    0.084     
16        108       9.074     1.035     
16        112       8.817     2.065     
17        18        14.933    1.145     
17        21        13.162    1.082     
17        31        9.315     1.064     
17        34        7.941     1.303     
17        39        14.839    0.757     
17        45        10.998    0.941     
17        55        10.392    1.177     
17        57        12.803    1.017     
17        63        13.329    1.015     
17        68        4.403     2.306     
17        70        6.225     1.262     
17        86        13.5      1.039     
17        93        4.879     1.287     
17        101       4.548     2.164     
17        104       10.352    1.22      
17        107       6.675     0.936     
17        110       8.546     0.622     
17        115       10.058    0.99      
17        117       14.191    0.61      
17        119       10.619    1.028     
18        20        11.367    1.407     
18        21        4.265     2.284     
18        34        7.946     1.393     
18        37        14.509    0.639     
18        39        10.229    0.417     
18        42        4.97      1.59      
18        45        12.091    0.398     
18        54        4.276     2.168     
18        55        4.618     1.452     
18        60        14.407    0.816     
18        64        10.472    0.988     
18        68        12.968    1.302     
18        72        12.648    0.735     
18        81        12.705    0.656     
18        83        12.94     0.603     
18        87        6.014     1.434     
18        88        14.129    0.437     
18        93        10.288    1.304     
18        110       12.187    0.744     
18        117       10.209    0.746     
19        25        5.316     1.796     
19        31        12.852    1.226     
19        35        12.791    0.756     
19        40        13.173    1.043     
19        48        5.932     2.249     
19        58        11.223    2.205     
19        63        9.777     1.481     
19        80        12.028    2.317     
19        82        11.082    1.21      
19        95        13.495    0.153     
19        119       14.737    0.781     
20        21        14.042    0.987     
20        42        7.86      1.502     
20        49        14.078    0.921     
20        50        14.451    1.706     
20        54        9.395     1.354     
20        60        11.07     1.695     
20        64        13.761    0.817     
20        74        14.014    0.522     
20        81        12.609    1.167     
20        83        9.532     1.112     
20        84        8.427     2.793     
20        85        11.747    1.916     
20        87        5.541     2.04      
20        90        12.953    1.629     
20        118       13.801    0.941     
21        34        5.391     1.22      
21        39        6.514     0.406     
21        42        6.687     0.761     
21        45        8.32      0.334     
21        54        5.116     1.273     
21        55        4.281     2.258     
21        60        13.815    0.802     
21        64        14.432    0.794     
21        68        10.503    1.164     
21        72        9.742     0.761     
21        87        9.213     1.183     
21        88        10.384    0.362     
21        93        9.088     1.37      
21        104       12.0      0.347     
21        110       13.028    1.027     
21        117       13.015    0.841     
22        51        8.571     3.025     
22        96        10.378    1.644     
22        99        11.154    1.894     
22        113       11.184    7.563     
23        52        8.87      0.446     
23        120       7.515     1.016     
24        25        13.869    2.067     
24        27        11.509    1.809     
24        28        12.211    5.084     
24        58        9.017     3.372     
24        78        8.014     3.495     
24        82        9.567     4.701     
24        103       8.921     7.311     
24        114       12.201    3.022     
25        31        11.034    1.514     
25        48        11.164    2.063     
25        58        6.04      2.015     
25        63        9.103     1.58      
25        78        12.676    2.224     
25        82        9.088     3.11      
25        104       13.388    0.852     
25        119       11.962    0.863     
26        30        11.266    2.336     
26        48        14.479    1.425     
26        80        11.933    0.378     
26        108       9.983     3.483     
27        36        12.088    2.159     
27        39        11.586    1.922     
27        45        12.56     1.486     
27        50        14.894    2.301     
27        54        14.665    0.884     
27        58        13.372    2.294     
27        60        13.921    2.08      
27        71        7.457     2.094     
27        72        9.226     2.049     
27        78        6.667     2.036     
27        88        10.357    1.581     
27        103       8.817     3.732     
27        104       14.631    1.196     
28        67        11.416    5.123     
28        82        11.923    3.731     
28        86        9.963     1.126     
28        114       10.861    5.147     
30        67        13.502    2.176     
30        108       13.208    1.611     
31        34        13.384    0.571     
31        45        10.821    1.112     
31        57        12.958    0.829     
31        58        11.687    1.884     
31        63        4.197     1.785     
31        68        10.046    0.703     
31        70        9.302     0.908     
31        86        12.594    1.142     
31        88        13.403    1.218     
31        89        13.337    0.91      
31        93        12.918    0.99      
31        101       8.81      1.106     
31        104       7.134     1.381     
31        107       12.907    1.081     
31        115       10.392    0.912     
31        119       4.313     2.331     
33        35        9.031     0.994     
33        40        9.583     0.621     
33        57        11.407    1.429     
33        59        4.519     2.269     
33        86        13.617    0.821     
33        89        8.636     1.45      
33        95        12.533    0.205     
33        108       14.034    0.664     
33        112       13.77     0.658     
34        39        8.7       0.9       
34        42        11.77     0.771     
34        45        7.191     0.506     
34        54        10.134    1.166     
34        55        4.14      2.106     
34        68        5.209     1.359     
34        70        13.809    1.171     
34        72        12.768    1.116     
34        87        13.783    1.286     
34        88        10.977    0.633     
34        93        4.249     1.835     
34        101       10.452    1.219     
34        104       9.432     0.394     
34        107       12.166    1.445     
34        110       9.982     1.438     
34        117       12.194    1.013     
34        119       11.901    0.405     
35        40        10.077    1.828     
35        48        9.325     0.902     
35        57        13.563    0.762     
35        59        8.928     1.338     
35        63        13.813    1.495     
35        80        8.59      1.142     
35        89        9.437     0.714     
35        95        4.361     2.674     
35        108       13.509    0.749     
35        112       12.73     0.285     
36        37        9.837     1.816     
36        50        10.854    2.019     
36        54        14.467    1.101     
36        71        8.201     2.517     
36        81        11.786    2.241     
36        87        14.634    1.059     
36        90        9.715     4.237     
36        103       8.248     5.308     
36        114       14.952    1.669     
37        55        13.253    0.709     
37        81        9.847     4.793     
37        103       11.909    1.068     
37        107       13.0      0.555     
37        110       10.8      0.66      
37        114       9.2       4.248     
37        117       12.258    0.881     
39        42        10.943    0.299     
39        45        4.823     1.374     
39        54        8.422     0.406     
39        55        9.365     0.77      
39        60        12.077    1.381     
39        68        12.346    0.967     
39        72        4.261     2.017     
39        78        12.522    1.537     
39        87        13.37     0.373     
39        88        4.272     2.055     
39        93        12.506    1.131     
39        104       8.611     1.324     
39        119       12.445    1.182     
40        48        11.586    1.268     
40        59        12.265    0.849     
40        67        12.35     2.682     
40        80        12.304    1.145     
40        86        13.677    1.953     
40        89        14.51     0.786     
40        95        12.265    0.663     
40        108       9.106     4.553     
42        45        14.369    0.326     
42        54        3.842     2.492     
42        55        9.242     1.124     
42        60        11.023    0.775     
42        64        12.161    0.677     
42        72        12.128    0.423     
42        81        14.274    0.896     
42        83        11.402    0.595     
42        87        4.292     2.697     
42        93        14.847    0.921     
42        117       14.444    0.52      
43        46        12.132    2.487     
43        75        11.829    0.264     
43        76        8.12      1.656     
43        99        11.247    7.574     
43        113       11.284    1.982     
44        46        11.355    4.708     
44        61        9.847     4.058     
44        76        14.228    3.224     
44        77        11.394    3.096     
44        100       12.99     2.757     
45        54        11.652    0.441     
45        55        9.276     0.551     
45        58        13.226    1.071     
45        63        13.885    1.226     
45        68        9.077     1.067     
45        72        8.198     1.279     
45        78        11.091    1.588     
45        88        4.265     1.854     
45        93        10.032    1.114     
45        101       13.132    0.995     
45        104       4.096     1.514     
45        107       14.539    1.2       
45        110       14.951    1.125     
45        119       8.069     1.365     
46        53        14.871    0.297     
46        75        14.764    0.056     
46        76        5.168     5.389     
46        116       14.831    1.748     
47        52        8.033     0.262     
47        80        14.942    0.186     
48        63        12.785    0.85      
48        80        6.123     2.773     
48        95        8.566     0.145     
48        108       14.796    1.052     
49        50        7.572     2.593     
49        71        14.849    2.24      
49        77        7.364     2.388     
49        84        11.946    1.257     
49        90        9.429     0.953     
49        100       13.822    1.339     
49        109       12.36     0.557     
49        118       11.427    1.416     
50        60        12.435    2.425     
50        71        7.529     2.152     
50        77        14.871    1.779     
50        90        10.558    1.548     
50        118       10.401    2.302     
51        96        10.063    0.962     
51        106       8.626     2.035     
52        120       11.593    0.14      
53        75        14.682    0.094     
53        76        14.317    0.208     
53        116       10.362    0.26      
54        55        7.369     1.387     
54        60        10.239    0.721     
54        64        13.579    0.992     
54        71        14.236    1.343     
54        72        9.534     0.613     
54        81        13.352    0.661     
54        83        14.147    0.602     
54        87        4.979     1.455     
54        88        12.396    0.433     
54        93        13.195    1.232     
54        117       13.974    0.78      
55        64        12.887    0.784     
55        68        8.869     1.492     
55        72        12.707    1.19      
55        81        14.586    0.863     
55        87        10.277    1.432     
55        88        12.399    0.695     
55        93        5.931     1.428     
55        101       13.736    1.334     
55        104       12.343    0.557     
55        107       12.583    1.065     
55        110       8.776     0.962     
55        117       9.464     1.24      
56        66        14.897    2.75      
57        59        7.153     1.253     
57        63        13.982    0.879     
57        70        6.719     1.317     
57        86        10.442    0.87      
57        89        4.276     2.22      
57        101       10.619    1.278     
57        107       13.911    0.895     
57        115       5.393     2.262     
58        63        11.807    1.33      
58        78        6.717     2.114     
58        82        8.974     1.935     
58        88        12.606    0.849     
58        104       11.089    1.144     
58        119       11.661    1.192     
59        70        13.479    1.123     
59        86        12.154    0.926     
59        89        4.313     1.645     
59        95        12.92     0.482     
59        115       11.525    1.042     
60        71        11.656    2.86      
60        72        9.198     1.41      
60        87        11.852    0.845     
60        88        14.534    1.078     
60        118       9.394     5.492     
61        74        10.566    0.676     
61        75        9.657     0.592     
61        77        14.474    2.505     
61        84        9.629     2.686     
61        109       14.705    0.688     
61        116       11.91     2.544     
63        68        13.818    0.651     
63        70        12.081    0.984     
63        86        14.113    1.155     
63        89        13.036    0.922     
63        101       12.035    1.044     
63        104       9.843     1.399     
63        115       11.82     0.962     
63        119       6.209     1.305     
64        81        10.932    1.723     
64        83        7.746     2.483     
64        85        12.83     1.246     
64        87        10.61     0.749     
64        110       14.541    1.957     
64        117       7.889     2.711     
65        92        14.947    6.986     
65        102       12.168    2.737     
65        108       11.98     7.496     
65        112       13.95     0.642     
66        92        9.354     4.513     
67        82        11.653    2.618     
68        70        9.102     1.256     
68        88        13.217    1.05      
68        93        4.323     2.287     
68        101       5.34      1.26      
68        104       8.977     0.666     
68        107       10.7      1.121     
68        110       10.606    0.898     
68        115       11.724    0.871     
68        117       14.534    0.682     
68        119       9.582     0.53      
70        86        11.125    0.854     
70        89        9.886     1.24      
70        93        10.802    1.091     
70        101       4.324     1.871     
70        104       13.889    1.061     
70        107       9.32      1.1       
70        110       13.155    0.763     
70        115       4.442     2.004     
70        119       12.261    0.995     
71        72        12.445    1.893     
71        78        14.038    2.35      
71        90        14.093    1.369     
71        103       10.265    2.243     
71        118       14.611    1.263     
72        78        11.663    1.266     
72        87        14.055    0.532     
72        88        5.366     1.284     
72        104       11.49     1.164     
74        75        12.651    0.129     
74        83        9.993     2.684     
74        84        9.678     1.299     
74        85        11.173    1.083     
74        109       14.042    0.694     
74        116       14.318    1.547     
75        76        11.916    0.1       
75        116       11.062    0.219     
76        113       13.883    1.07      
77        84        12.182    1.079     
77        90        13.987    1.331     
77        100       14.067    0.711     
77        109       10.455    0.388     
78        82        13.665    1.206     
78        88        9.388     1.242     
78        103       11.053    3.002     
78        104       11.189    1.484     
78        119       13.829    1.395     
80        95        5.651     0.348     
80        108       11.681    0.922     
80        112       13.789    0.368     
81        83        13.29     2.194     
81        85        9.711     3.655     
81        87        10.339    0.899     
81        90        9.34      3.784     
81        109       14.985    1.744     
81        117       11.777    1.26      
83        84        12.36     0.564     
83        85        9.972     2.683     
83        87        9.793     0.718     
84        85        10.58     2.331     
84        87        13.624    1.949     
84        90        13.971    1.327     
84        109       10.46     1.091     
84        118       14.482    0.822     
85        87        13.298    0.922     
85        90        11.353    1.866     
85        109       7.998     3.191     
86        89        11.573    1.036     
86        101       14.587    0.927     
86        107       10.57     2.042     
86        114       13.645    0.59      
86        115       13.341    0.908     
87        90        13.874    1.464     
87        117       13.367    0.592     
88        93        14.173    1.242     
88        104       6.405     1.401     
88        119       10.106    1.327     
89        95        13.37     0.711     
89        101       13.265    0.973     
89        115       7.427     1.077     
90        109       10.827    4.253     
93        101       8.142     1.439     
93        104       11.186    0.921     
93        107       8.74      1.638     
93        110       6.638     1.135     
93        115       14.349    0.877     
93        117       10.425    0.854     
93        119       12.814    0.787     
95        108       13.147    0.215     
95        112       11.503    0.084     
96        99        11.97     6.813     
96        106       9.323     0.888     
99        113       10.428    3.701     
100       118       8.856     5.486     
101       104       11.526    1.129     
101       107       10.425    1.223     
101       110       12.464    0.768     
101       115       6.447     0.912     
101       119       10.27     0.905     
103       114       10.915    2.702     
104       107       14.332    1.266     
104       119       4.112     1.777     
107       110       6.649     2.395     
107       114       9.998     0.956     
107       115       13.716    0.963     
107       117       13.577    2.41      
108       112       12.005    1.304     
109       116       11.872    0.323     
110       114       12.986    1.389     
110       117       6.942     3.994     
115       119       13.262    0.834     
32        75        10.006    0.586     
14        32        10.006    0.586     
1         14        10.006    0.586     
1         6         10.006    0.586     
5         6         10.006    0.586     
5         91        10.006    0.586     
41        120       10.006    0.586     
41        97        10.006    0.586     
73        97        10.006    0.586     
38        73        10.006    0.586     
38        79        10.006    0.586     
69        79        10.006    0.586     
69        111       10.006    0.586     
105       111       10.006    0.586     
94        105       10.006    0.586     
94        98        10.006    0.586     
3         98        10.006    0.586     
3         12        10.006    0.586     
12        62        10.006    0.586     
29        62        10.006    0.586