88.50426 62.233704 442.48398
89.36694 84.67836 432.66
107.38494 121.52167 453.966
130.57123 113.992325 445.824
86.6736 83.187004 440.344
85.88268 72.09041 439.452
105.586266 111.48774 441.94202
112.8621 112.81218 429.272
110.623505 102.5427 442.56
136.11702 123.676796 437.086
115.773056 104.83199 442.538
100.55525 115.82688 448.69598
97.04682 106.18998 445.428
83.83518 70.731415 443.90402
62.127388 60.348057 423.93198
116.60298 117.07488 448.984
96.71766 96.44856 446.66998
86.268005 86.906044 441.97
111.72563 104.863205 433.772
78.0078 81.4632 436.41202
90.30528 86.68842 440.62997
46.54892 43.77945 427.976
148.25616 105.8967 446.836
94.49934 104.95836 428.292
107.64702 102.11681 431.73
123.86321 118.741745 432.17
90.7296 94.20762 426.664
95.86668 113.87298 436.526
93.11016 97.16616 443.708
116.031235 126.547195 430.032
104.11908 97.59204 441.146
73.45681 69.037796 443.404
111.4815 113.698265 450.36798
93.4167 89.938675 443.57202
116.28162 107.95278 445.33
79.65749 96.85884 430.80402
81.41094 100.378204 439.83798
128.25618 126.259384 453.93802
94.02744 87.24846 435.33002
111.77868 115.854965 441.026
143.75946 113.48142 443.038
85.05588 82.71666 439.59
58.62714 57.724365 435.388
60.488224 71.36212 425.11002
96.65136 90.8193 437.21802
51.692314 66.17278 430.164
136.52885 113.24196 439.334
116.86662 106.69074 436.1
70.3372 85.60812 425.302
77.09567 88.77726 424.00598
40.50119 37.754417 429.03598
142.18385 112.07352 445.188
47.364098 71.722565 443.57602
86.10498 85.959114 437.81598
89.3412 90.211685 442.87198
154.2489 146.87555 445.384
105.0855 104.43967 452.11
102.1137 100.4289 429.98
110.00184 109.574394 451.43
85.88424 81.31578 428.678
64.04034 70.986626 434.284
98.0031 106.977005 443.486
108.08226 98.220726 439.94202
78.68328 86.728195 449.198
129.20857 127.0035 443.988
143.42407 139.84932 437.94
104.35307 120.11142 432.12802
97.3518 92.12658 446.17
126.17905 122.17217 463.956
101.11062 99.60834 449.712
83.6472 92.2506 425.32
92.98769 86.541 431.25998
137.90477 127.05654 451.406
68.369026 74.69717 443.388
62.71161 66.77502 442.34402
53.106533 63.578033 434.41998
63.714687 82.36956 425.444
96.497696 97.20906 428.16202
123.81409 131.5002 461.21402
121.80792 109.084564 438.84
75.100975 92.88474 440.902
103.09181 109.17894 428.292
75.857185 80.54436 445.718
70.51005 78.09984 434.632
68.44243 85.82028 441.578
100.2729 109.20468 444.148
81.41562 84.92484 439.058
97.09908 89.349 433.244
109.012024 105.43884 450.754
71.43404 91.834076 432.368
89.888756 93.89328 443.754
139.42265 137.70744 446.12
93.15696 93.14838 446.332
113.979836 116.61312 452.29
120.34386 107.483215 443.93
47.015514 37.888657 436.598
145.79527 121.93038 448.002
116.404076 124.89828 457.24402
51.813137 48.844692 436.396
72.72431 72.66761 420.94
100.542786 95.40882 448.892
128.13995 134.03989 434.114
86.317924 101.44134 429.054
100.25184 92.69598 437.69
113.75052 109.62744 459.442
40.52014 31.410912 434.914
92.91126 101.87112 445.886
119.68242 120.34386 441.1
63.227577 85.465385 435.53998
88.30458 97.45944 447.69998
117.2262 117.711365 464.20602
125.07768 115.5024 450.706
53.943707 52.10158 426.70398
88.06824 106.587 438.516
105.19626 99.10368 451.366
55.124317 76.96783 439.526
83.21664 93.11094 449.48
78.99684 78.60216 422.918
103.88352 93.69126 439.332
152.19516 108.48552 440.97598