    Atom I     Atom J         R0          K    Fluc_Ref. Fluc_Matched
         1          2     23.843      0.001        5.852        5.577
         1          3     18.246      0.001        5.535        4.954
         1          4     16.402      0.002        7.706        7.706
         1          5     26.381      0.001        5.896        5.709
         1          6     22.552      0.001        6.234        5.815
         1          7     27.638      0.001        5.075        4.647
         1          8      6.191      1.360        0.466        0.466
         1          9     34.132      0.001        5.128        4.746
         1         10     25.713      0.001        4.953        4.089
         1         11     14.589      0.001        3.018        2.859
         1         12     17.719      0.001        5.662        5.579
         1         13     15.781      0.001        7.722        7.142
         1         14     20.280      0.001        4.645        4.396
         1         15     30.209      0.001        5.021        5.042
         1         16     10.446      0.121        1.543        1.543
         1         17     17.180      0.001        7.845        7.688
         1         18     22.100      0.001        7.172        6.525
         2          3     12.410      0.681        0.426        0.426
         2          4     23.210      0.001        2.116        1.395
         2          5     13.467      3.133        0.251        0.251
         2          6      8.052      2.562        0.271        0.271
         2          7      9.840      4.401        0.240        0.240
         2          8     22.101      0.001        4.426        4.239
         2          9     16.568      0.223        0.914        0.914
         2         10     16.014      0.039        0.371        0.336
         2         11     18.751      0.003        1.389        1.250
         2         12     10.333      0.008        1.416        1.395
         2         13     20.032      0.066        1.076        1.076
         2         14      9.585      2.767        0.307        0.307
         2         15     12.057      1.352        0.377        0.377
         2         16     21.907      0.001        2.668        2.515
         2         17     24.989      0.001        3.066        2.558
         2         18      7.067      3.608        0.285        0.285
         3          4     12.890      0.001        2.082        1.816
         3          5     10.588      9.432        0.171        0.171
         3          6      9.084      4.073        0.259        0.259
         3          7     14.723      3.690        0.224        0.224
         3          8     15.778      0.001        4.431        4.158
         3          9     22.205      0.005        0.766        0.593
         3         10     11.395      2.150        0.337        0.337
         3         11     11.463      0.497        0.736        0.736
         3         12     12.129      0.309        0.876        0.876
         3         13      9.934      0.245        1.003        1.003
         3         14      9.701      2.533        0.302        0.302
         3         15     15.310      2.014        0.256        0.256
         3         16     14.998      0.052        2.045        2.045
         3         17     14.919      0.002        2.973        2.975
         3         18     15.351      0.001        2.679        1.567
         4          5     19.779      0.073        1.937        1.937
         4          6     18.260      0.001        1.805        1.480
         4          7     26.821      0.001        2.454        1.913
         4          8     15.077      0.001        5.848        5.655
         4          9     33.507      0.001        2.729        2.055
         4         10     21.903      0.001        3.076        2.713
         4         11     14.554      0.001        4.467        3.418
         4         12     19.711      0.001        3.484        2.329
         4         13      5.022      2.802        0.324        0.324
         4         14     20.373      0.001        3.045        2.168
         4         15     26.745      0.002        1.968        1.820
         4         16     14.799      0.001        4.738        4.404
         4         17      3.841     90.110        0.057        0.057
         4         18     23.935      0.001        4.382        2.592
         5          6      8.165      7.395        0.191        0.191
         5          7     14.560      4.481        0.210        0.210
         5          8     24.923      0.006        4.475        4.476
         5          9     18.361      0.011        0.656        0.578
         5         10     12.870      1.494        0.391        0.391
         5         11     21.775      0.007        0.794        0.694
         5         12     19.693      0.015        0.969        0.938
         5         13     16.812      0.174        1.165        1.165
         5         14     16.276      0.565        0.308        0.308
         5         15      9.140     10.606        0.158        0.158
         5         16     24.986      0.002        2.249        2.166
         5         17     21.616      0.024        2.977        2.977
         5         18     18.990      0.001        1.675        1.013
         6          7     14.534      2.861        0.249        0.249
         6          8     21.041      0.001        4.766        4.772
         6          9     20.521      0.005        0.791        0.650
         6         10     16.184      0.057        0.373        0.351
         6         11     18.855      0.037        1.009        1.008
         6         12     13.760      0.086        1.207        1.207
         6         13     14.706      0.589        0.667        0.667
         6         14     13.267      0.972        0.387        0.387
         6         15     12.586      1.180        0.343        0.343
         6         16     21.397      0.001        2.816        2.396
         6         17     20.214      0.001        2.682        1.981
         6         18     11.958      0.001        2.026        1.445
         7          8     25.582      0.001        4.183        3.528
         7          9      8.834      0.944        0.524        0.524
         7         10     10.130      4.744        0.240        0.240
         7         11     20.226      0.008        1.022        0.967
         7         12     15.521      0.002        1.201        0.860
         7         13     24.296      0.002        1.164        0.950
         7         14      9.551      2.388        0.322        0.322
         7         15      8.378      1.878        0.317        0.317
         7         16     24.585      0.001        2.037        1.573
         7         17     28.417      0.001        3.584        3.557
         7         18     15.191      0.417        0.797        0.797
         8          9     33.010      0.001        4.361        3.562
         8         10     23.276      0.001        4.391        3.274
         8         11     10.609      0.025        2.925        2.926
         8         12     15.239      0.001        4.590        4.247
         8         13     14.267      0.001        5.904        5.890
         8         14     17.485      0.001        4.002        3.458
         8         15     28.701      0.001        4.030        3.847
         8         16      6.175      1.362        0.466        0.466
         8         17     16.057      0.001        6.030        5.912
         8         18     20.599      0.001        5.913        4.737
         9         10     15.158      0.081        1.380        1.380
         9         11     28.618      0.004        1.306        1.226
         9         12     23.921      0.001        1.661        1.127
         9         13     31.475      0.002        1.250        0.954
         9         14     18.242      0.008        0.732        0.639
         9         15      9.424      0.945        0.550        0.550
         9         16     32.642      0.001        2.388        1.569
         9         17     34.501      0.001        4.052        3.625
         9         18     22.044      0.001        1.866        1.532
        10         11     17.066      0.196        1.169        1.169
        10         12     18.304      0.045        0.528        0.512
        10         13     20.174      0.011        1.397        1.376
        10         14     11.385      7.383        0.195        0.195
        10         15     11.603      1.423        0.397        0.397
        10         16     21.745      0.001        2.142        1.702
        10         17     23.393      0.001        4.270        4.175
        10         18     21.014      0.001        1.260        0.709
        11         12     11.115      0.001        3.169        2.358
        11         13     13.818      0.001        2.964        2.584
        11         14     11.302      0.209        1.115        1.115
        11         15     24.432      0.006        0.833        0.731
        11         16      6.643      0.330        0.915        0.915
        11         17     15.719      0.003        5.287        5.288
        11         18     18.591      0.001        3.514        2.305
        12         13     17.240      0.001        2.580        2.381
        12         14      7.567      1.323        0.467        0.467
        12         15     20.352      0.001        1.297        0.972
        12         16     13.978      0.001        3.751        3.663
        12         17     21.253      0.001        4.203        3.781
        12         18      8.136      4.671        0.251        0.251
        13         14     18.086      0.001        1.848        1.557
        13         15     23.968      0.015        0.828        0.788
        13         16     14.371      0.001        4.224        4.188
        13         17      7.620      0.647        0.672        0.672
        13         18     20.896      0.001        3.682        2.689
        14         15     15.323      0.019        0.453        0.386
        14         16     15.847      0.020        1.916        1.919
        14         17     21.965      0.001        4.016        3.940
        14         18     11.848      0.226        0.966        0.966
        15         16     28.392      0.001        1.821        1.522
        15         17     28.449      0.002        3.154        3.135
        15         18     18.578      0.017        0.540        0.483
        16         17     15.704      0.006        5.249        5.249
        16         18     20.652      0.001        4.921        3.813
        17         18     25.555      0.001        4.934        3.268
