 42.36495  78.35021  72.38989
 55.305065 48.264812 70.08502
 58.216717 56.9189   61.61009
 60.98002  68.63997  58.249992
 64.15001  48.100025 60.078724
 62.335022 50.875088 67.7099
 50.179886 44.96662  62.461567
 40.56519  75.50013  67.214905
 50.08753  36.882435 60.71273
 53.14573  49.984173 54.448566
 48.82319  65.09323  63.826557
 51.746704 56.23335  71.53014
 60.495148 64.87513  60.79004
 50.169964 54.162052 64.69598
 57.64997  41.672024 60.764023
 44.08484  70.99485  63.940113
 60.040184 69.00983  54.440132
 51.219925 49.28007  75.56003